1981736050	LUNA女仆咖啡屋	1396	1427682865
2370625124	Lunar	2139	1464094410
5648331007	陈虹	459	1464010846
5648331585	范淑瑛	564	1463984619
5648331886	黄芷嫣	328	1463960622
5648332843	李雯佳	444	1464103975
5648333017	庞雪倩	485	1463763713
5648333154	王蕾	454	1464092588
5648333708	程心怡	437	1463996919
5648515282	董顺祺	787	1464060975
5648520732	严忆琳	154	1446818482
5648627691	金典	697	1464063367
5648824564	尹弋	350	1463953586
5649348490	王美琪	429	1448278215
5817088143	大平静香	154	1463982881
5883723141	王晓雯	114	1463677023
5883739843	蒋欣妤	128	1464067763
5883881184	庄李镘	74	1464001369
5883962014	孙玮	123	1464083857
5884077981	孙天韵	83	1463819596
5884117790	陈烁	120	1464008256
5884167441	顾琳洁	107	1463812714
5884221779	胡倩	85	1464012741
5885593095	吴雯艳	143	1464007542
