1745332770	兔子肉丸酱2	259	1462121787
1797407720	工口欧尼酱	1577	1463115937
1802027532	梁茶叔	105	1463145456
1878354634	双子爱理	6934	1462497345
1915588461	万娘_一生挚爱张起灵	3526	1459923350
1916852800	moon王小爱	1533	1462379440
1918527245	害羞的樱桃	1318	1462971335
2386568184	冲田杏梨	1074	1463140584
2580461514	苏妄言-	521	1462796643
2614378051	黑暗蘿璃	541	1463031804
2827474380	七三娘	655	1463127686
2862565202	atf控控控	1931	1463051667
2948481025	夏天的妆	462	1462524502
2991625155	清水映画	878	1462800282
3058013593	鱼师傅	509	1460463422
312313391	棉兔酱Bunny	237	1452668682
3137608103	静電噗噗	312	1461558405
3266707972	桃小兔叽	147	1463152708
3612515857	蜜斯薯	407	1413734818
3814085842	夏目七优	65	1449315897
3896679858	臣巳	235	1461931396
3951013258	一只精子	5	1462553219
5088765448	夏小秋秋秋	639	1463169932
5173765214	绅摄联	417	1436707931
5209755107	乖乖哒狂魔大人	40	1450017574
5266182015	一只痴女	107	1457349948
5290188864	萌安安ann	3716	1463191330
5359721924	元气小矮子叫我兔爷	551	1459930321
5388649334	__小笨__	295	1458805861
5403879467	冰糖才不会溶化呢哼	372	1460738704
5410074167	这只绵羊不太棉	199	1429962024
5432751480	逢坂兔美	38	1458201190
5436949558	电影种子发布站	438	1460389623
5474896411	北野从先	92	1461590045
5515771166	w蓝莓酱w	86	1426782146
5530974381	元气小萝莉洛可可	482	1463196452
5532958020	田中瞳	97	1463175366
5556065293	少女思春期	343	1456824490
5558655501	柚木	429	1463142942
5590294506	兔呆主QAQ	120	1460879291
5605074783	LTEsniffer	535	1457788887
5617440189	奈奈子是网瘾少女	28	1455378521
5623991229	H工口小学生赛高2	225	1462604237
5626441732	EROONICHAN	301	1462968711
5633595130	胖次狂魔_maru蛋	313	1458743115
5637495873	樱木川田	136	1463186061
5642419721	Mika啾	773	1463128872
5650348220	陌陌大软妹	144	1462943760
5660256488	幼喵酱	101	1459428042
5684285302	检察官老A	500	1456319882
5690646955	Mayteam5	210	1462975716
5703007037	粉红甜心喵kira	339	1463074734
571511557	猫咪萌娘_neko	123	1458445851
5727647039	小笨笨wow	134	1462533597
5732645316	冲田杏梨2	310	1463194869
5745802401	青椒叔叔的小静静	805	1463137701
5748244780	慕斯兔宝宝	41	1455868922
5772762652	嗣音	19	1463109827
5788700854	月球兔精	21	1461664841
5801849288	_你齿几岁	278	1463191140
5897763793	奶酱小魔王	17	1462879020
