1078007814	徐娇	2341	1464398967
1079220264	祈Inory	1098	1464175984
1195366567	金莎	1352	1464155360
1222244775	晚香玉	3600	1464350725
1450063597	纱布蓝	4062	1464367346
1470809487	山新	3339	1464413410
1566146015	美歪	1771	1463982440
1632765501	花落	605	1464260410
1648213305	9命猫	3223	1464416011
1652822427	黄莺	751	1463188395
1657783170	小柔SeeU	687	1462675113
1682933295	葡萄	9033	1464361849
1701626125	孙静怡	205	1463819049
1717701417	猫梓	2231	1464276383
1739928273	苍井空	1247	1463728270
1745993040	洪诗	1284	1464410166
1750543712	徐亦晴	966	1464157461
1751622404	鳄鱼同学	1634	1464245953
1759970515	陈斯亚	1328	1464100897
1761684925	吴映洁	2211	1464323746
1770613833	澈三攻	3235	1464340953
1770708833	铭铭大魔王	2416	1464350403
1771186525	依酱	475	1464363236
1771594407	顾瑞	462	1447652375
1772484360	Cc_____永远18岁	1864	1464323130
1773373710	冯薪朵	61	1392898765
1777781560	弥优MIO	802	1462382795
1781972212	梁慧雯	278	1462269652
1782493713	赤九玖	1999	1464405361
1783084442	Oriyami	389	1460482119
1789640312	nyako	3213	1464339279
1802329531	徐言雨	846	1464079183
1828664804	荣小兔头	3554	1464416633
1835126047	李铁根	442	1464061028
1837841901	蒋羽熙	839	1464091120
1842036464	薛莹	863	1463283131
1842908774	知曦曦	1072	1464352561
1845071870	哀子	1816	1464350403
1845519725	柳侑绮	2668	1463926552
1853119303	钟曼菲	1162	1464328078
1877659084	肉	882	1459068963
1895097114	三刀刀刀刕	1760	1464350230
1914531955	西瓜妹	1333	1464364285
1933719015	咬人猫	3781	1464418417
1934149171	鞠婧祎	175	1376407528
1935716045	机智的菊屌	2927	1464193493
1946933061	千本露露	4093	1464348762
1968438512	如月灰	896	1464412193
1972668547	何轶琛	2578	1464359799
1984725451	胡美婷	1031	1464179910
2046793773	胡思奕	1226	1464333808
2089576957	桜群	1131	1464355351
2093287822	Misa贞喵	1164	1464376310
2101333034	有咩酱	1607	1464353681
2116271525	邱欣怡	2	0
2135478131	vams子	1077	1464261947
2139155362	李玲	2880	1464414649
2147360175	曾誉嘉	21	1382075660
2165704691	雯籽	3369	1464353138
2166123764	阿惹	2128	1463538841
2173542072	王费澌	1406	1461577290
2180712402	张馨方	1062	1464342689
2194409964	糖果果	931	1464145510
2201599120	莫寒	70	1349513046
2205394480	咕噜咕噜的G罐	234	1456150466
2206008474	杨海赆	468	1462634301
2252392571	怪兽哥斯拉	447	1464350551
2252995924	橘子sama	1992	1464345553
2276525031	雨婷儿	237	1463912154
2302413073	小卓洛的尾巴	2260	1464344058
2314239690	鈴木紗陵	417	1463926238
2341153571	黑川	2318	1464107096
2367936797	丁紫妍	532	1462862368
2439874993	粉扑扑	1528	1463931684
2462058527	诗小轩	359	1464011544
2494509320	顾瑞_2	769	1463113144
2517615935	司楠	2413	1464248470
2535836307	孙倩雯	4596	1457271850
2545374922	藤本狐狸	2436	1464329889
2553930725	AHO	685	1463964621
2564500717	魔女様	2895	1464361798
2611237547	姨妈姬	913	1464416843
2619404167	梓汐Ushio	1218	1462513847
2640407173	康欣	544	1464407376
2667112881	十井源子	405	1464015414
2667672347	潘哒哒M	489	1464334964
2683260651	一万只煎饺OvQ	621	1464353264
2692980363	邵雅涵	1021	1447722129
270691122	白易子	941	1464188999
2710292892	吴叶佳	1692	1463846640
2711388952	矮乐多Aliga	1157	1464349382
2822367762	EriolM	2817	1464363077
2834685840	余慧文	929	1463919287
2838500613	一条忍着不死的鲸鱼	930	1464363243
2885183281	王佳路	491	1463752866
2931556163	我是変態	2767	1464328981
2944353321	杨雅如	1002	1464179380
2950502641	美咲	251	1458403759
2997513352	韩萌	91	1464022975
3024989767	雪霏酱	138	1463360937
3098532123	勋礼_Surely	1532	1464264063
3165752335	美汐	1164	1464324371
3172236134	董芷依	1171	1464356522
3206936735	尤幽	998	1464343291
3207111560	凌璇	2805	1464278775
3224626655	沐曦	393	1462628057
3248646834	Jun_amaki	2782	1464364122
3314883543	一小央泽	1444	1464186133
3513568823	橙橙Oravan	1124	1463993732
3558434653	顾香君	1090	1464231724
3645097570	裸撸感冒频率飞起	298	1463895879
3738671020	汤敏	1169	1464262299
3843708275	CE爸爸酱	884	1464348838
3924232018	王依君	1901	1464226604
3972053467	神楽坂真冬	812	1464401429
5018003687	鹿野希	631	1463456243
5092036573	小雅miyabi	1370	1464247160
5120189396	apricot_杏子	742	1464179920
5573052403	许夏幽	803	1464181104
5602912996	yutori	211	1464352678
5640376542	Rei喵	157	1463497107
5917983258	Nagisa大魔王	209	1464412102
