1181882482	4520	1518268270	老虎MKIII
1802027532	687	1518009200	梁茶叔
1878354634	7143	1518710477	双子爱理
1915588461	5227	1516726485	万娘_一生挚爱张起灵
1918527245	2898	1518610967	害羞的樱桃
2104580380	1893	1518676390	小何童鞋
2167191225	1350	1515757718	影魔师木木
2243178711	315	1518334047	-废喵
2304880283	211	1509628045	莉莉安酱
2386568184	1322	1518715561	冲田杏梨
2673683753	18	1453787015	软m同萌会会长
2948481025	1107	1518476171	夏天的妆
312313391	239	1486531221	棉兔酱Bunny
3210928130	2033	1518613366	河走
3266707972	310	1518712166	桃小兔叽
338390007	2906	1515806414	摄影师E个人精彩
3612515857	407	1413734818	蜜斯薯
3821025251	16	1499515003	灵魂传送门
3858726909	356	1518186126	Nagesa魔物女
3896679858	360	1518696623	臣巳
5173765214	496	1516111898	绅摄联
5237765071	40	1518332528	淘气喵大人
5266182015	117	1476542277	一只痴女
5282281416	923	1518674320	悦爷妖精
5359721924	606	1490977481	元气小矮子叫我兔爷
5388649334	401	1515856663	__小笨__
5403879467	425	1492175297	冰糖才不会溶化呢哼
5410074167	208	1465448236	这只绵羊不太棉
5419878772	71	1509590412	柠香萌萌萌鸡
5432751480	38	1458201190	逢坂兔美
5461283235	4209	1518250631	Semon荒木
5515771166	86	1426782146	w蓝莓酱w
5528577922	63	1484122342	苦苓_M
5544709189	46	1487138774	宝宝呀_m
5556065293	346	1476097365	少女思春期
5596940826	513	1513744030	本间萌芽子
5605074783	535	1457788887	LTEsniffer
5617440189	317	1515381896	奈奈子是网瘾少女
5633595130	640	1518702263	胖次狂魔_maru蛋
5637495873	970	1518077542	樱木川田
5650348220	208	1501556516	陌陌大软妹
5660256488	106	1488132995	幼喵酱
5675638543	1343	1518684035	蜜嘟喵
5680100142	34	1518412929	love_菁菁yo
571511557	240	1518493262	猫咪萌娘_neko
5745802401	1408	1518704462	青椒叔叔的小静静
5748244780	41	1455868922	慕斯兔宝宝
5772762652	51	1477564472	嗣音
5785196124	460	1504776362	悠悠酱yoyoyo
5788700854	38	1504928186	月球兔精
5816374157	80	1514622192	小菊花花花啊
5870030637	705	1518615407	nagesa爱你哦
5897763793	39	1475258262	奶酱小魔王
5900053988	109	1517230069	长鹿漫漫am
5945952854	465	1513148831	人体摄影师peter
5976294611	39	1499828080	三水儿酱
5991373961	140	1518271372	OWAKADO-MK2
5993161803	8	1486541720	迷你水儿
6008987054	93	1500306176	九条源
6089462862	301	1518683581	腿控少女蕾亚酱
6095649031	417	1513067606	Hentai绵羊喵
