1078007814	3355	1521595764	徐娇
1079220264	1729	1521626345	祈Inory
1195366567	1775	1521424217	金莎
1222244775	4457	1521086244	晚香玉
1450063597	5005	1521548512	纱布蓝
1470809487	4684	1521544419	山新
1566146015	1806	1499675066	美歪
1632765501	1327	1521447609	花落
1648213305	4280	1521620508	9命猫
1652822427	966	1521118639	黄莺
1657783170	1230	1521090420	小柔SeeU
1682933295	11047	1521640866	葡萄
1701626125	375	1517667776	孙静怡
1717701417	3358	1521626529	猫梓
1725078491	1399	1521626689	矮乐多Aliga2
1739928273	1593	1521607959	苍井空
1745993040	1398	1517377698	洪诗
1750543712	1013	1503390616	徐亦晴
1751622404	2673	1520342872	鳄鱼同学
1759970515	1482	1521543752	陈斯亚
1761684925	2750	1520987434	吴映洁
1770613833	4959	1521624450	澈三攻
1771594407	462	1447652375	顾瑞
1773373710	61	1392898765	冯薪朵
1781972212	706	1521614319	梁慧雯
1782493713	3045	1521633522	赤九玖
1783084442	657	1521458022	Oriyami
1802329531	1449	1521027135	徐言雨
1827098113	885	1521296496	猫步
1828664804	5935	1521553687	荣小兔头
1835126047	667	1521519515	李铁根
1837841901	1061	1521556676	蒋羽熙
1842036464	1216	1521194061	薛莹
1842908774	2217	1521372986	知曦曦
1845071870	3278	1521540749	哀子
1845519725	3958	1521538517	柳侑绮
1846511793	9373	1521640933	TC130精神扰乱控制装置
1853119303	3519	1521634301	钟曼菲
1877659084	883	1475835617	肉
1895097114	3691	1521552910	三刀刀刀刕
1914531955	1732	1519903615	西瓜妹
1930747565	12888	1521633603	萝莉志
1933719015	5636	1521183175	咬人猫
1934149171	175	1376407528	鞠婧祎
1935716045	4400	1521556371	机智的菊屌
1946933061	5963	1521354983	千本露露
1954178561	1535	1521475428	月曦一
1968438512	2373	1521511082	如月灰
1972668547	3146	1521346615	何轶琛
1984725451	1688	1521529984	胡美婷
2041046824	1251	1521549333	凛子酱
2046793773	2716	1521612511	胡思奕
2089576957	2010	1521550820	桜群
2093287822	1974	1521105881	Misa贞喵
2101333034	2397	1521364778	有咩酱
2116271525	2	0	邱欣怡
2135478131	2648	1521539576	vams子
2139155362	4190	1521534770	李玲
2147360175	21	1382075660	曾誉嘉
2165704691	4128	1520902211	雯籽
2166123764	3245	1521506426	阿惹
2173542072	1702	1509456090	王费澌
2180712402	1940	1521449813	张馨方
2194409964	1432	1521533102	糖果果
2201599120	70	1349513046	莫寒
2205394480	668	1521553205	咕噜咕噜的G罐
2206008474	487	1519524556	杨海赆
2252392571	833	1520582135	怪兽哥斯拉
2252995924	3193	1521366417	橘子sama
2276525031	343	1521534894	雨婷儿
2302413073	2573	1518700865	小卓洛的尾巴
2314239690	665	1519959730	鈴木紗陵
2341153571	4193	1521638364	黑川
2367936797	687	1517994506	丁紫妍
2386774894	1852	1517711430	友田彩也香
2389612854	616	1495641130	三上悠亜
2439874993	2017	1521280208	粉扑扑
2462058527	418	1498918884	诗小轩
2494509320	937	1510499031	顾瑞_2
2517615935	3099	1521427452	司楠
2535836307	6156	1521550691	孙倩雯
2545374922	2600	1521342378	藤本狐狸
2553930725	1291	1521432274	AHO
2611237547	1565	1520771753	姨妈姬
2619404167	1787	1521520134	梓汐Ushio
2640407173	754	1518099101	康欣
2667112881	1860	1521465680	十井源子
2667672347	733	1521376951	潘哒哒M
2683260651	1501	1521547857	一万只煎饺OvQ
2692980363	1570	1519542060	邵雅涵
270691122	2895	1521474742	白易子
2710292892	2215	1521044273	吴叶佳
2711388952	2346	1521027601	矮乐多Aliga
2771037733	5020	1521289401	啾大魔王
2822367762	3084	1499532689	EriolM
2832352341	2103	1521540135	阿萝猫
2834685840	1578	1520961829	余慧文
2838500613	1480	1521635491	一条忍着不死的鲸鱼
2885183281	957	1519656212	王佳路
2931556163	3518	1521107864	我是変態
2940184452	1739	1521559230	眠呼呼
2944353321	1535	1520824499	杨雅如
2950502641	269	1481335488	美咲
2997513352	309	1518716941	韩萌
3024989767	538	1521131877	雪霏酱
3098532123	2561	1519350852	勋礼_Surely
3165752335	2945	1521360841	美汐
3172236134	2140	1520861561	董芷依
3192014817	278	1521639757	西早妹妹2
3206936735	2937	1521454986	尤幽
3207111560	3254	1521433242	凌璇
3207489210	959	1521367503	优栗鼠
3224626655	656	1520520439	沐曦
3248646834	8778	1515313348	Jun_amaki
3314883543	2119	1521362079	一小央泽
3513568823	1349	1521437886	橙橙Oravan
3558434653	1791	1521114030	顾香君
3645097570	757	1521636064	裸撸感冒频率飞起
3738671020	1661	1521206817	汤敏
3843708275	2918	1521515826	CE爸爸酱
3924232018	3352	1521466886	王依君
3972053467	2494	1521556441	神楽坂真冬
5018003687	1299	1521291295	鹿野希
5092036573	2444	1521618758	小雅miyabi
5120189396	864	1521500060	apricot_杏子
5161204669	2489	1521631155	这很迟迟
5573052403	1514	1520911180	许夏幽
5601787503	309	1521231434	Misa贞喵2
5602912996	319	1480349393	yutori
5632648007	279	1520658507	一万只煎饺2
5640376542	219	1521293379	Rei喵
5744289682	284	1519827050	小楚
5802074262	178	1519956384	铭铭大魔王3
5839922273	43	1517890326	如月灰2
5852122196	1213	1521468784	依酱2
5917983258	286	1481876120	Nagisa大魔王
5944261908	1790	1521520694	彭爱玲
6010860520	1015	1521612100	sayuri
6253680418	172	1521036108	伊织萌
