5484766465	1523	1507960167	心动偶像
5649553318	761	1495279773	陈静
5649553911	202	1489186728	姜楠
5649554434	92	1464259709	邵雅涵
5649554863	371	1508311271	高越
5649555057	182	1493016194	黄馨仪
5649555784	696	1493642784	刘佳莹
5649768453	432	1494390603	万芳舟
5649768622	707	1493642377	唐元琦
5649768767	347	1500634859	陈洁怡
5649769183	424	1493652617	张瑜纹
5649769609	698	1493308853	李淑宁
5649769725	156	1450015545	曹胜微
5649770201	691	1509406290	薛昕竹
5649770373	393	1494383403	李紫莹
5649770483	318	1485874079	张冰颜
5659860251	518	1494390603	杨一伊
5761047200	743	1509624493	ATF偶像组合
