1981736050	1397	1481901029	LUNA女仆咖啡屋
2370625124	3011	1511075981	Lunar
5648006122	202	1510668843	张晨
5648284710	608	1511446692	严莉青
5648331007	648	1493911605	陈虹
5648331585	711	1477920680	范淑瑛
5648331886	696	1493625677	黄芷嫣
5648332843	623	1491480038	李雯佳
5648333017	579	1507216637	庞雪倩
5648333154	660	1492845108	王蕾
5648333708	1268	1511419723	程心怡
5648515282	1004	1483602012	董顺祺
5648520732	154	1443674252	严忆琳
5648627691	1341	1492869796	金典
5648824564	618	1497637597	尹弋
5649348490	430	1485773412	王美琪
5817088143	467	1503396705	大平静香
5883723141	177	1473420663	王晓雯
5883739843	213	1480683230	蒋欣妤
5883881184	508	1495045521	庄李镘
5883962014	412	1486230732	孙玮
5884077981	282	1481446145	孙天韵
5884117790	720	1494850058	陈烁
5884167441	249	1486016563	顾琳洁
5884221779	133	1471356674	胡倩
5885593095	1034	1509606003	吴雯艳
5990784524	200	1508673560	余静怡
5994599233	319	1496805021	鲍家星
5994835750	296	1493908453	李雨濝
6029590556	242	1494735414	李格格
6244013729	96	1504747936	陈媛媛
6248480392	372	1511344722	邹雨婷
6248490199	513	1511539415	任韵熹
6250905170	447	1511576551	吴畏
6250912926	478	1511507678	陈彦瑾
6251590906	533	1511515943	曾馨
6251596379	306	1511523613	李楠欣
6251602542	594	1511446923	缪巧
6251618579	323	1509584290	秦丹
