1181882482	4384	1507965852	0		老虎MKIII
1745332770	345	1491802713	0		兔子肉丸酱2
1802027532	670	1508053815	1	http://video.weibo.com/show?fid=1034:3eff7f3e6fff84c97037150fa5c79626	梁茶叔
1878354634	7085	1507923009	58	http://miaopai.com/show/ONqmFnr863T5GW-6dinnS1LQ5bzkY-FO.htm	双子爱理
1915588461	4998	1508065722	0		万娘_一生挚爱张起灵
1918527245	2577	1507984456	12	http://video.weibo.com/show?fid=1034:89cd895046f15d46e9da293b6b5447ff	害羞的樱桃
2104580380	1820	1507134960	10	http://video.weibo.com/show?fid=1034:54800fa8451e8c1bef1786b5991761cb	小何童鞋
2139351531	493	1507801138	0		奶兔小雪球
2167191225	1255	1507804698	0		影魔师木木
2243178711	228	1507994632	1	http://www.meipai.com/media/332465677	-废喵
2304880283	201	1498311796	0		莉莉安酱
2386568184	1270	1507280866	14	http://miaopai.com/show/bqJNGAxM5JahY-M4IZzVhg__.htm	冲田杏梨
2673683753	18	1453787015	0		软m同萌会会长
2948481025	907	1507873079	3	http://video.weibo.com/show?fid=1034:086ee4f883c8e5f84a70e53d2f92672b	夏天的妆
312313391	239	1486531221	2	http://video.weibo.com/show?fid=1034:0688e0b54411f3fece696888f5a53657	棉兔酱Bunny
3207489210	931	1507426017	0	优栗鼠
3210928130	1449	1507992556	1	http://miaopai.com/show/vlrK3ffyHAtXo3pdL0zxCw__.htm	河走
3266707972	291	1507871665	1	http://video.weibo.com/show?fid=1034:d206bf78f117cd7845e31ea5f681c5da	桃小兔叽
338390007	2865	1506226617	39	http://miaopai.com/show/pEqi26iFZI1ACTFYXRRtXCEP3R4m9QXE.htm	摄影师E个人精彩
3612515857	407	1413734818	0		蜜斯薯
3814085842	168	1505816166	0		夏目七优
3821025251	16	1499515003	0		灵魂传送门
3858726909	222	1507814154	0		Nagesa魔物女
3896679858	346	1496716846	0		臣巳
5173765214	490	1491760234	2	http://video.weibo.com/show?fid=1034:fe92774a8e99f19166793370cda2a8c2	绅摄联
5209755107	42	1480419218	0		乖乖哒狂魔大人
5237765071	39	1500884379	0		淘气喵大人
5266182015	117	1476542277	0		一只痴女
5282281416	699	1507994736	5	http://miaopai.com/show/Fdk9Rivih8lry5xKyclmdMN3zllAl7cT.htm	悦爷妖精
5341308489	902	1506171631	0		优波社
5359721924	606	1490977481	0		元气小矮子叫我兔爷
5388649334	399	1498236226	0		__小笨__
5403879467	425	1492175297	1	http://video.weibo.com/show?fid=1034:3ad06c59cac9d497be0cfa84f89364a1	冰糖才不会溶化呢哼
5410074167	208	1465448236	0		这只绵羊不太棉
5419878772	68	1507690384	0		柠香萌萌萌鸡
5432751480	38	1458201190	0		逢坂兔美
5461283235	4007	1508058174	2	http://video.weibo.com/show?fid=1034:8d29f5ae47ac660153b45f55878675c7	Semon荒木
5515771166	86	1426782146	0		w蓝莓酱w
5528577922	63	1484122342	0		苦苓_M
5544709189	46	1487138774	0		宝宝呀_m
5556065293	346	1476097365	0		少女思春期
5596940826	422	1505804623	0		本间萌芽子
5605074783	535	1457788887	0		LTEsniffer
5617440189	298	1503627657	0		奈奈子是网瘾少女
5633595130	531	1508061007	0		胖次狂魔_maru蛋
5637495873	951	1507830016	9	http://video.weibo.com/show?fid=1034:71d1ab7f41b9024768c4296052f64495	樱木川田
5650348220	208	1501556516	1	http://video.weibo.com/show?fid=1034:6c651a5f3b5e4ff1cb72c882d5e9d0a6	陌陌大软妹
5660256488	106	1488132995	0		幼喵酱
5675638543	1147	1508067779	0		蜜嘟喵
5680100142	29	1488211410	0		love_菁菁yo
571511557	206	1506789024	0		猫咪萌娘_neko
5732645316	808	1508047771	10	http://video.weibo.com/show?fid=1034:3edd7b36a4f9f0d8c89577e7f2abc8d7	冲田杏梨2
5745802401	1341	1507880460	6	http://video.weibo.com/show?fid=1034:e5bea6c0b294914130b9c575053dfc0d	青椒叔叔的小静静
5748244780	41	1455868922	0		慕斯兔宝宝
5772762652	51	1477564472	2	http://video.weibo.com/show?fid=1034:9869cb2819da5e0450b86e380713dd94	嗣音
5785196124	460	1504776362	0		悠悠酱yoyoyo
5788700854	38	1504928186	0		月球兔精
5816374157	77	1490780837	0		小菊花花花啊
5870030637	316	1507967900	0		nagesa爱你哦
5897763793	39	1475258262	0		奶酱小魔王
5900053988	87	1505045902	0		长鹿漫漫am
5945952854	462	1507869708	0		人体摄影师peter
5976294611	39	1499828080	0		三水儿酱
5991373961	87	1507539446	0		OWAKADO-MK2
5993161803	8	1486541720	0		迷你水儿
6008987054	93	1500306176	0		九条源
6077310856	286	1498968732	0		萌受雪雪呀
6089462862	289	1505871515	0		腿控少女蕾亚酱
6095649031	389	1506955659	0		Hentai绵羊喵
