06150409	41	7	140126761993
1521544038	2092	335	165396529113
1984sp	973	872	167429226995
19860820	474	309	168058343011
365512994	20	14	167003799444
8wy6033334	800	88	167979109758
91zp	43	42	165683689949
9908090	241	156	168042747095
aboutero	1760	45	167162270310
ailuoli3	28	0	160863884130
aizhuo	190	7	167828662384
algo321	14573	0	150091473356
aljayday	18309	76	168019688806
amber-307-wife	822	60	168065839950
aoi46	4542	80	168074562042
apandaruia	349	299	167981016368
asdfggmmm3	274	75	167975099940
asdk1234	1879	1657	168071160499
asenjason	527	20	166101419261
asian-ladies-porn	45830	0	168076017622
attakapantsu	4501	3	167885296182
baibaida	6	0	5131711703
bb480	6	0	153603191219
bbxxii	262	235	167661855178
bcgg	1413	16	164885869570
bigblackstrawberry	684	264	168071354208
bijirikyonyu	43603	130	168072728350
caiheng3211	102	6	141653734430
captainadult	49053	1346	168043472088
ccav1	31	0	48202012642
cem183	52314	1034	168049737372
chaohua100	75	62	138396012109
choumajimekun	901	9	149792199575
chuquanfuli	2730	1	168054711412	初犬
coolmoxie	8290	78	168056240134
cosplay-okinawa	10444	24	164093708491
cshen1102	3	1	127309657808
daowuzhe	141	0	167515869696	垂死的刀舞
dasom0108	372	94	167971675511
dearmtj	133	1	137671447206
din153	27872	1430	168069520491
duck-kim	2380	1833	163010435660
elduhened	56314	681	168044689783
enmury	137	0	167626649146
eronamihei	55702	1	168022864762
evansur	2186	1041	166045096316
eyebrow7	29696	9061	168041121679
fgoxw78667	72	0	135710729770
flappyidol	1716	0	165041863970
frizzy71	22039	846	147618507078
fu72520	123	28	167199828205
fulihui	197	0	125837242130
gggggg3b0	40	27	135378894923
ghjdjyeb1w3	62	9	167936570092
ghostbusters	301	73	168034583768
god-jihun	255	138	167909128393
goi-goi	1780	1	150447484116
gravurefan	3093	31	168064999894
hatsp	157	56	167083732510
hatsuneyuko	423	2	168016702816	柚木
hb-loli	455	0	167906193294
heisarah94	368	3	168044262649
hellolasyouare	1436	638	166929013358
herbie1020	78320	3902	166355918460
heroinemania	2399	0	168028661941
hinbsksksbjdjd	1075	482	168076800923
hodakwo	266	0	167971592426	禾口禾口
honkawa	5698	30	159891386400
hughqi	342	240	167871240213
huiyijingdian	7593	309	168045801154
inghram	313	0	168042235006	胖绅士
j-a-v-l-o-v-e-r	46	24	167442456062
ja1651	5813	1065	148416318916
japanese-sexygirls	171507	4594	167734431133
japhentai	11511	769	168065515978
jeremylow94	115367	4675	168043003108
jh1969	92	4	138992193074
jiandaoshou258	4	3	129463934376
jiangyou2015	80	26	148232939936
jingyegongce	681	25	168049531581
joahai	17363	273	168015597979
kevin9042	121	59	168045984962
kimozi1244	152	42	164676172083
kissmango	97	2	168038405575
knightrichor	20078	21	168004725500
kokojoa	60415	2398	168076971419
komamm	14	0	139520796215
kongbaiyooo	86	0	164485503489
kou-pu-li	61151	2816	168056589619
lainchee	13	1	139374785967
latte723	50	38	163086963967
lhf5581	920	5	167587575183
lilyzhen123	178	14	131249995270
llkxt	296	0	136676089881
lolifulikong	102	28	163024288194
love-peeing-girls	49930	3534	168061259468
luoliluoliyounvyounv	250	46	160726508257
luoliuuu	3602	287	168065756561
m22wolf	18421	60	119578909215
m37536034	2674	1832	167593118032
meng900821	282	114	167928701446
mingminge	58690	1908	168078299847
missxiaosong	374	0	167270812270
mjptkgtwm	395	28	167958180134
moeyuna	1333	139	168077897361
morotan	61186	440	168077516222
mr-h-999	13452	672	168080079398
mrbig190232	7448	5066	168078052303
my-animaxx	1162	160	167488717118
nagisa908	11	0	144132915391
najibbie	92827	4203	166446377532
nomorinn	7224	542	137054208208
nudzi	6104	391	168060629215
nuoqiyi	920	114	163823871534
okateru	276	29	167623844825
okoknt-r	10	10	144743141858
omekonamezou	7257	1025	167976738156
orgea	7407	526	168080861911
otakucat-loly	607	16	167046613365
pkh369	479	241	129549714841
pocky-girl	49	0	167915153519
polaroidpantyhose	183	0	18085331614
publiclyindecent	6641	14	31684083023
qnmb10086	55	23	167012562155
rileyreidpics	352	0	158013531808
rytrn	23102	3	168071366187
sarariman2	1660	1608	168047027004
sayasayo	118	1	167447841228
schoolgirl-snot-vomit	12800	1	152233679546
sendameier	585	34	144861743052
sensualsideofme	102233	27	168082365499
sex9988	2023	1235	142686420117
sexpon1029	18770	11044	167946488883
sharksw	1997	31	167310893860
shshshshshsdd	647	22	140914109745
silverlsy	1386	125	166220775688
siwakong54321	377	4	167998167135
slalfkf1111	7814	1425	167260579853
snwiedjdshsn	20	19	161955786200
squirtvideo3003	2248	2177	168069759277
srxzg	154	0	167961710042
stockingsnoshoes	70134	7	168061666595
sumisumisaew	1071	62	164484573056
tatunosin	228743	1	167970684739
terencezheng	2091	417	167952210078
thetrue-religion	4	0	73515357354
tokyoprivategirls	26458	421	168083873020
touitong	5134	916	167882268724
toupaidashi	343	111	166879285560
tsuboring	6106	17	168078312470
ultra8375	3440	1297	167920429846
unknown47	232306	2066	167267367084
unzipped32	33285	0	168082973252
upskyplan	5	5	167732584185
usertanuki	28426	287	168080107960
verall80	956	0	163873717136
vivi96129	176	60	167534819106
wishicouldwatch	725	64	168079661243
wstwl	732	31	163333975217
x-xxxxxm	7	0	162597360006	叉魅
xraydy	89	1	161997953704
xxooshipin	96	90	162724595680
yesge	390	354	165901019973
yuciii	21	1	164377890136
yuriboom	97	0	165688148192
yuseele	38	0	135315465726
zbo-jp	1615	13	168038853932
zhling1994	2207	28	163856448592
zinggoro	62666	3496	168073047589
zsm5280	26	3	139441171757
